5.249608915227588568e+02
5.249611514534873322e+02
5.249614113842156939e+02
5.249616813122798931e+02
5.249619412430082548e+02
5.249622011737367302e+02
5.249624611044652056e+02
5.249627310325294047e+02
5.249629909632577665e+02
5.249632508939862419e+02
5.249635108247146036e+02
5.249637807527786890e+02
5.249640406835070507e+02
5.249643006142355262e+02
5.249645605449640016e+02
5.249648304730280870e+02
5.249650904037564487e+02
5.249653503344849241e+02
5.249656102652133995e+02
5.249658801932774850e+02
5.249661401240057330e+02
5.249664000547343221e+02
5.249666599854625701e+02
5.249669299135267693e+02
5.249671898442550173e+02
5.249674497749836064e+02
5.249677097057119681e+02
5.249679796337759399e+02
5.249682395645045290e+02
5.249684994952327770e+02
5.249687594259611387e+02
5.249690293540252242e+02
5.249692892847535859e+02
5.249695492154819476e+02
5.249698191435461467e+02
5.249700790742746221e+02
5.249703390050028702e+02
5.249705989357312319e+02
5.249708688637953173e+02
5.249711287945236791e+02
5.249713887252520408e+02
5.249716486559804025e+02
5.249719185840446016e+02
5.249721785147728497e+02
5.249724384455012114e+02
5.249726983762295731e+02
5.249729683042936585e+02
5.249732282350221340e+02
5.249734881657502683e+02
5.249737480964788574e+02
5.249740180245427155e+02
5.249742779552710772e+02
5.249745378859995526e+02
5.249747978167278006e+02
5.249750677447919998e+02
5.249753276755201341e+02
5.249755876062486095e+02
5.249758475369768576e+02
5.249761174650409430e+02
5.249763773957693047e+02
5.249766373264975527e+02
5.249768972572258008e+02
5.249771671852898862e+02
5.249774271160182479e+02
5.249776870467464960e+02
5.249779469774750851e+02
5.249782169055390568e+02
5.249784768362671912e+02
5.249787367669955529e+02
5.249789966977239146e+02
5.249792666257878864e+02
5.249795265565162481e+02
5.249797864872446098e+02
5.249800564153085816e+02
5.249803163460367159e+02
5.249805762767653050e+02
5.249808362074935530e+02
5.249811061355574111e+02
5.249813660662858865e+02
5.249816259970141346e+02
5.249818859277423826e+02
5.249821558558063543e+02
5.249824157865346024e+02
5.249826757172630778e+02
5.249829356479910984e+02
5.249832055760551839e+02
5.249834655067836593e+02
5.249837254375117936e+02
5.249839853682400417e+02
5.249842552963042408e+02
5.249845152270322615e+02
5.249847751577606232e+02
5.249850350884889849e+02
5.249853050165529567e+02
5.249855649472812047e+02
5.249858248780095664e+02
5.249860848087377008e+02
5.249863547368015588e+02
5.249866146675299206e+02
5.249868745982582823e+02
5.249871345289865303e+02
5.249874044570505021e+02
5.249876643877786364e+02
5.249879243185068844e+02
5.249881842492352462e+02
5.249884541772993316e+02
5.249887141080273523e+02
5.249889740387558277e+02
5.249892339694839620e+02
5.249895038975479338e+02
5.249897638282761818e+02
5.249900237590043162e+02
5.249902936870684016e+02
5.249905536177967633e+02
5.249908135485247840e+02
5.249910734792529183e+02
5.249913434073170038e+02
5.249916033380452518e+02
5.249918632687734998e+02
5.249921231995015205e+02
5.249923931275654923e+02
5.249926530582938540e+02
5.249929129890219883e+02
5.249931729197503500e+02
5.249934428478142081e+02
5.249937027785424561e+02
5.249939627092707042e+02
5.249942226399988385e+02
5.249944925680626966e+02
5.249947524987909446e+02
5.249950124295193064e+02
5.249952723602474407e+02
5.249955422883111851e+02
5.249958022190395468e+02
5.249960621497677948e+02
5.249963220804959292e+02
5.249965920085599009e+02
5.249968519392881490e+02
5.249971118700161696e+02
5.249973718007443040e+02
5.249976417288082757e+02
5.249979016595364101e+02
5.249981615902646581e+02
5.249984215209929062e+02
5.249986914490567642e+02
5.249989513797848986e+02
5.249992113105130329e+02
5.249994812385770047e+02
5.249997411693051390e+02
5.250000011000331597e+02
5.250002610307616351e+02
5.250005309588253795e+02
5.250007908895536275e+02
5.250010508202818755e+02
5.250013107510098962e+02
5.250015806790737543e+02
5.250018406098017749e+02
5.250021005405301366e+02
5.250023604712582710e+02
5.250026303993220154e+02
5.250028903300503771e+02
5.250031502607783978e+02
5.250034101915065321e+02
5.250036801195705038e+02
5.250039400502985245e+02
5.250041999810268862e+02
5.250044599117549069e+02
5.250047298398187650e+02
5.250049897705468993e+02
5.250052497012750337e+02
5.250055096320031680e+02
5.250057795600670261e+02
5.250060394907951604e+02
5.250062994215231811e+02
5.250065593522513154e+02
5.250068292803151735e+02
5.250070892110433078e+02
5.250073491417714422e+02
5.250076090724994629e+02
5.250078790005634346e+02
5.250081389312915690e+02
5.250083988620195896e+02
5.250086687900834477e+02
5.250089287208115820e+02
5.250091886515397164e+02
5.250094485822677370e+02
5.250097185103314814e+02
5.250099784410597294e+02
5.250102383717878638e+02
5.250104983025159981e+02
5.250107682305797425e+02
5.250110281613077632e+02
5.250112880920358975e+02
5.250115480227640319e+02
5.250118179508278899e+02
5.250120778815560243e+02
5.250123378122841586e+02
5.250125977430120656e+02
5.250128676710758100e+02
5.250131276018039443e+02
5.250133875325320787e+02
5.250136474632602130e+02
5.250139173913240711e+02
5.250141773220519781e+02
5.250144372527801124e+02
5.250146971835082468e+02
5.250149671115719912e+02
5.250152270423001255e+02
5.250154869730280325e+02
5.250157469037561668e+02
5.250160168318200249e+02
5.250162767625480456e+02
5.250165366932761799e+02
5.250168066213398106e+02
5.250170665520680586e+02
5.250173264827960793e+02
5.250175864135241000e+02
5.250178563415877306e+02
5.250181162723158650e+02
5.250183762030439993e+02
5.250186361337720200e+02
5.250189060618356507e+02
5.250191659925637850e+02
5.250194259232916920e+02
5.250196858540199401e+02
5.250199557820835707e+02
5.250202157128117051e+02
5.250204756435397258e+02
5.250207355742677464e+02
5.250210055023316045e+02
5.250212654330593978e+02
5.250215253637874184e+02
5.250217852945154391e+02
5.250220552225792972e+02
5.250223151533073178e+02
5.250225750840352248e+02
5.250228350147633591e+02
5.250231049428271035e+02
5.250233648735550105e+02
5.250236248042831448e+02
5.250238847350112792e+02
5.250241546630747962e+02
5.250244145938029305e+02
5.250246745245309512e+02
5.250249444525945819e+02
5.250252043833224889e+02
5.250254643140505095e+02
5.250257242447786439e+02
5.250259941728423883e+02
5.250262541035701815e+02
5.250265140342983159e+02
5.250267739650262229e+02
5.250270438930899672e+02
5.250273038238181016e+02
5.250275637545458949e+02
5.250278236852739155e+02
5.250280936133377736e+02
5.250283535440655669e+02
5.250286134747937012e+02
5.250288734055216082e+02
5.250291433335853526e+02
5.250294032643132596e+02
5.250296631950411665e+02
5.250299231257691872e+02
5.250301930538328179e+02
5.250304529845608386e+02
5.250307129152889729e+02
5.250309728460167662e+02
5.250312427740802832e+02
5.250315027048084175e+02
5.250317626355363245e+02
5.250320325635999552e+02
5.250322924943280896e+02
5.250325524250559965e+02
5.250328123557839035e+02
5.250330822838474205e+02
5.250333422145754412e+02
5.250336021453034618e+02
5.250338620760314825e+02
5.250341320040952269e+02
5.250343919348229065e+02
5.250346518655510408e+02
5.250349117962789478e+02
5.250351817243424648e+02
5.250354416550705992e+02
5.250357015857985061e+02
5.250359615165262994e+02
5.250362314445899301e+02
5.250364913753178371e+02
5.250367513060458577e+02
5.250370112367738784e+02
5.250372811648373954e+02
5.250375410955651887e+02
5.250378010262933230e+02
5.250380609570211163e+02
5.250383308850847470e+02
5.250385908158127677e+02
5.250388507465405610e+02
5.250391206746040780e+02
5.250393806053320986e+02
5.250396405360600056e+02
5.250399004667880263e+02
5.250401703948515433e+02
5.250404303255794503e+02
5.250406902563072435e+02
5.250409501870352642e+02
5.250412201150987812e+02
5.250414800458268019e+02
5.250417399765547088e+02
5.250419999072826158e+02
5.250422698353461328e+02
5.250425297660740398e+02
5.250427896968018331e+02
5.250430496275297401e+02
5.250433195555933708e+02
5.250435794863212777e+02
5.250438394170490710e+02
5.250440993477769780e+02
5.250443692758406087e+02
5.250446292065684020e+02
5.250448891372964226e+02
5.250451490680241022e+02
5.250454189960877329e+02
5.250456789268156399e+02
5.250459388575435469e+02
5.250462087856070639e+02
5.250464687163348572e+02
5.250467286470627641e+02
5.250469885777905574e+02
5.250472585058541881e+02
5.250475184365820951e+02
5.250477783673100021e+02
5.250480382980379090e+02
5.250483082261014260e+02
5.250485681568291056e+02
5.250488280875572400e+02
5.250490880182848059e+02
5.250493579463484366e+02
5.250496178770763436e+02
5.250498778078042506e+02
5.250501377385319302e+02
5.250504076665954472e+02
5.250506675973233541e+02
5.250509275280511474e+02
5.250511874587791681e+02
5.250514573868425714e+02
5.250517173175702510e+02
5.250519772482981580e+02
5.250522371790259513e+02
5.250525071070894683e+02
5.250527670378173752e+02
5.250530269685451685e+02
5.250532968966086855e+02
5.250535568273363651e+02
5.250538167580643858e+02
5.250540766887921791e+02
5.250543466168556961e+02
5.250546065475833757e+02
5.250548664783111690e+02
5.250551264090391896e+02
5.250553963371024793e+02
5.250556562678302726e+02
5.250559161985581795e+02
5.250561761292858591e+02
5.250564460573493761e+02
5.250567059880771694e+02
5.250569659188050764e+02
5.250572258495328697e+02
5.250574957775963867e+02
5.250577557083240663e+02
5.250580156390517459e+02
5.250582755697796529e+02
5.250585454978431699e+02
5.250588054285709632e+02
5.250590653592987564e+02
5.250593352873622734e+02
5.250595952180899531e+02
5.250598551488177463e+02
5.250601150795455396e+02
5.250603850076089429e+02
5.250606449383367362e+02
5.250609048690645295e+02
5.250611647997923228e+02
5.250614347278557261e+02
5.250616946585835194e+02
5.250619545893113127e+02
5.250622145200388786e+02
5.250624844481023956e+02
5.250627443788301889e+02
5.250630043095579822e+02
5.250632642402857755e+02
5.250635341683490651e+02
5.250637940990769721e+02
5.250640540298047654e+02
5.250643139605323313e+02
5.250645838885958483e+02
5.250648438193236416e+02
5.250651037500513212e+02
5.250653636807790008e+02
5.250656336088424041e+02
5.250658935395701974e+02
5.250661534702978770e+02
5.250664233983613940e+02
5.250666833290890736e+02
5.250669432598168669e+02
5.250672031905444328e+02
5.250674731186079498e+02
5.250677330493357431e+02
5.250679929800634227e+02
5.250682529107913297e+02
5.250685228388547330e+02
5.250687827695821852e+02
5.250690427003099785e+02
5.250693026310375444e+02
5.250695725591010614e+02
5.250698324898288547e+02
5.250700924205564206e+02
5.250703523512843276e+02
5.250706222793475035e+02
5.250708822100752968e+02
5.250711421408029764e+02
5.250714020715307697e+02
5.250716719995941730e+02
5.250719319303217389e+02
5.250721918610495322e+02
5.250724617891129355e+02
5.250727217198405015e+02
5.250729816505684084e+02
5.250732415812958607e+02
5.250735115093592640e+02
5.250737714400870573e+02
5.250740313708146232e+02
5.250742913015423028e+02
5.250745612296058198e+02
5.250748211603333857e+02
5.250750810910610653e+02
5.250753410217887449e+02
5.250756109498521482e+02
5.250758708805797141e+02
5.250761308113076211e+02
5.250763907420349597e+02
5.250766606700983630e+02
5.250769206008260426e+02
5.250771805315538359e+02
5.250774404622814018e+02
5.250777103903448051e+02
5.250779703210724847e+02
5.250782302517999369e+02
5.250785001798633402e+02
5.250787601105910198e+02
5.250790200413186994e+02
5.250792799720463790e+02
5.250795499001096687e+02
5.250798098308372346e+02
5.250800697615649142e+02
5.250803296922924801e+02
5.250805996203558834e+02
5.250808595510836767e+02
