5.251070200000000341e+02
5.251072799999999461e+02
5.251075399999999718e+02
5.251078099999999722e+02
5.251080699999999979e+02
5.251083300000000236e+02
5.251085900000000493e+02
5.251088600000000497e+02
5.251091199999999617e+02
5.251093799999999874e+02
5.251096400000000131e+02
5.251099100000000135e+02
5.251101700000000392e+02
5.251104299999999512e+02
5.251106899999999769e+02
5.251109599999999773e+02
5.251112200000000030e+02
5.251114800000000287e+02
5.251117400000000544e+02
5.251120100000000548e+02
5.251122699999999668e+02
5.251125299999999925e+02
5.251127900000000182e+02
5.251130600000000186e+02
5.251133200000000443e+02
5.251135799999999563e+02
5.251138399999999820e+02
5.251141099999999824e+02
5.251143700000000081e+02
5.251146300000000338e+02
5.251148899999999458e+02
5.251151599999999462e+02
5.251154199999999719e+02
5.251156799999999976e+02
5.251159499999999980e+02
5.251162100000000237e+02
5.251164700000000494e+02
5.251167299999999614e+02
5.251169999999999618e+02
5.251172599999999875e+02
5.251175200000000132e+02
5.251177800000000389e+02
5.251180500000000393e+02
5.251183099999999513e+02
5.251185699999999770e+02
5.251188300000000027e+02
5.251191000000000031e+02
5.251193600000000288e+02
5.251196200000000545e+02
5.251198799999999665e+02
5.251201499999999669e+02
5.251204099999999926e+02
5.251206700000000183e+02
5.251209300000000439e+02
5.251212000000000444e+02
5.251214599999999564e+02
5.251217199999999821e+02
5.251219800000000077e+02
5.251222500000000082e+02
5.251225100000000339e+02
5.251227699999999459e+02
5.251230299999999716e+02
5.251232999999999720e+02
5.251235599999999977e+02
5.251238200000000234e+02
5.251240800000000490e+02
5.251243500000000495e+02
5.251246099999999615e+02
5.251248699999999872e+02
5.251251300000000128e+02
5.251254000000000133e+02
5.251256600000000390e+02
5.251259199999999510e+02
5.251261899999999514e+02
5.251264499999999771e+02
5.251267100000000028e+02
5.251269700000000284e+02
5.251272400000000289e+02
5.251275000000000546e+02
5.251277599999999666e+02
5.251280199999999923e+02
5.251282899999999927e+02
5.251285500000000184e+02
5.251288100000000441e+02
5.251290699999999561e+02
5.251293399999999565e+02
5.251295999999999822e+02
5.251298600000000079e+02
5.251301200000000335e+02
5.251303900000000340e+02
5.251306499999999460e+02
5.251309099999999717e+02
5.251311699999999973e+02
5.251314399999999978e+02
5.251317000000000235e+02
5.251319600000000491e+02
5.251322199999999611e+02
5.251324899999999616e+02
5.251327499999999873e+02
5.251330100000000130e+02
5.251332700000000386e+02
5.251335400000000391e+02
5.251337999999999511e+02
5.251340599999999768e+02
5.251343200000000024e+02
5.251345900000000029e+02
5.251348500000000286e+02
5.251351100000000542e+02
5.251353699999999662e+02
5.251356399999999667e+02
5.251358999999999924e+02
5.251361600000000180e+02
5.251364300000000185e+02
5.251366900000000442e+02
5.251369499999999562e+02
5.251372099999999818e+02
5.251374799999999823e+02
5.251377400000000080e+02
5.251380000000000337e+02
5.251382599999999456e+02
5.251385299999999461e+02
5.251387899999999718e+02
5.251390499999999975e+02
5.251393100000000231e+02
5.251395800000000236e+02
5.251398400000000493e+02
5.251400999999999613e+02
5.251403599999999869e+02
5.251406299999999874e+02
5.251408900000000131e+02
5.251411500000000387e+02
5.251414099999999507e+02
5.251416799999999512e+02
5.251419399999999769e+02
5.251422000000000025e+02
5.251424600000000282e+02
5.251427300000000287e+02
5.251429900000000544e+02
5.251432499999999663e+02
5.251435099999999920e+02
5.251437799999999925e+02
5.251440400000000182e+02
5.251443000000000438e+02
5.251445599999999558e+02
5.251448299999999563e+02
5.251450899999999820e+02
5.251453500000000076e+02
5.251456200000000081e+02
5.251458800000000338e+02
5.251461399999999458e+02
5.251463999999999714e+02
5.251466699999999719e+02
5.251469299999999976e+02
5.251471900000000232e+02
5.251474500000000489e+02
5.251477200000000494e+02
5.251479799999999614e+02
5.251482399999999870e+02
5.251485000000000127e+02
5.251487700000000132e+02
5.251490300000000389e+02
5.251492899999999509e+02
5.251495499999999765e+02
5.251498199999999770e+02
5.251500800000000027e+02
5.251503400000000283e+02
5.251506000000000540e+02
5.251508700000000545e+02
5.251511299999999665e+02
5.251513899999999921e+02
5.251516500000000178e+02
5.251519200000000183e+02
5.251521800000000439e+02
5.251524399999999559e+02
5.251526999999999816e+02
5.251529699999999821e+02
5.251532300000000077e+02
5.251534900000000334e+02
5.251537499999999454e+02
5.251540199999999459e+02
5.251542799999999716e+02
5.251545399999999972e+02
5.251548099999999977e+02
5.251550700000000234e+02
5.251553300000000490e+02
5.251555899999999610e+02
5.251558599999999615e+02
5.251561199999999872e+02
5.251563800000000128e+02
5.251566400000000385e+02
5.251569100000000390e+02
5.251571699999999510e+02
5.251574299999999766e+02
5.251576900000000023e+02
5.251579600000000028e+02
5.251582200000000284e+02
5.251584800000000541e+02
5.251587399999999661e+02
5.251590099999999666e+02
5.251592699999999923e+02
5.251595300000000179e+02
5.251597900000000436e+02
5.251600600000000441e+02
5.251603199999999561e+02
5.251605799999999817e+02
5.251608400000000074e+02
5.251611100000000079e+02
5.251613700000000335e+02
5.251616299999999455e+02
5.251618899999999712e+02
5.251621599999999717e+02
5.251624199999999973e+02
5.251626800000000230e+02
5.251629500000000235e+02
5.251632100000000491e+02
5.251634699999999611e+02
5.251637299999999868e+02
5.251639999999999873e+02
5.251642600000000130e+02
5.251645200000000386e+02
5.251647799999999506e+02
5.251650499999999511e+02
5.251653099999999768e+02
5.251655700000000024e+02
5.251658300000000281e+02
5.251661000000000286e+02
5.251663600000000542e+02
5.251666199999999662e+02
5.251668799999999919e+02
5.251671499999999924e+02
5.251674100000000180e+02
5.251676700000000437e+02
5.251679299999999557e+02
5.251681999999999562e+02
5.251684599999999818e+02
5.251687200000000075e+02
5.251689800000000332e+02
5.251692500000000337e+02
5.251695099999999456e+02
5.251697699999999713e+02
5.251700299999999970e+02
5.251702999999999975e+02
5.251705600000000231e+02
5.251708200000000488e+02
5.251710900000000493e+02
5.251713499999999613e+02
5.251716099999999869e+02
5.251718700000000126e+02
5.251721400000000131e+02
5.251724000000000387e+02
5.251726599999999507e+02
5.251729199999999764e+02
5.251731899999999769e+02
5.251734500000000025e+02
5.251737100000000282e+02
5.251739700000000539e+02
5.251742400000000544e+02
5.251744999999999663e+02
5.251747599999999920e+02
5.251750200000000177e+02
5.251752900000000182e+02
5.251755500000000438e+02
5.251758099999999558e+02
5.251760699999999815e+02
5.251763399999999820e+02
5.251766000000000076e+02
5.251768600000000333e+02
5.251771199999999453e+02
5.251773899999999458e+02
5.251776499999999714e+02
5.251779099999999971e+02
5.251781799999999976e+02
5.251784400000000232e+02
5.251787000000000489e+02
5.251789599999999609e+02
5.251792299999999614e+02
5.251794899999999870e+02
5.251797500000000127e+02
5.251800100000000384e+02
5.251802800000000389e+02
5.251805399999999509e+02
5.251807999999999765e+02
5.251810600000000022e+02
5.251813300000000027e+02
5.251815900000000283e+02
5.251818500000000540e+02
5.251821099999999660e+02
5.251823799999999665e+02
5.251826399999999921e+02
5.251829000000000178e+02
5.251831600000000435e+02
5.251834300000000439e+02
5.251836899999999559e+02
5.251839499999999816e+02
5.251842100000000073e+02
5.251844800000000077e+02
5.251847400000000334e+02
5.251849999999999454e+02
5.251852699999999459e+02
5.251855299999999716e+02
5.251857899999999972e+02
5.251860500000000229e+02
5.251863200000000234e+02
5.251865800000000490e+02
5.251868399999999610e+02
5.251870999999999867e+02
5.251873699999999872e+02
5.251876300000000128e+02
5.251878900000000385e+02
5.251881499999999505e+02
5.251884199999999510e+02
5.251886799999999766e+02
5.251889400000000023e+02
5.251892000000000280e+02
5.251894700000000284e+02
5.251897300000000541e+02
5.251899899999999661e+02
5.251902499999999918e+02
5.251905199999999923e+02
5.251907800000000179e+02
5.251910400000000436e+02
5.251912999999999556e+02
5.251915699999999561e+02
5.251918299999999817e+02
5.251920900000000074e+02
5.251923600000000079e+02
5.251926200000000335e+02
5.251928799999999455e+02
5.251931399999999712e+02
5.251934099999999717e+02
5.251936699999999973e+02
5.251939300000000230e+02
5.251941900000000487e+02
5.251944600000000491e+02
5.251947199999999611e+02
5.251949799999999868e+02
5.251952400000000125e+02
5.251955100000000130e+02
5.251957700000000386e+02
5.251960299999999506e+02
5.251962899999999763e+02
5.251965599999999768e+02
5.251968200000000024e+02
5.251970800000000281e+02
5.251973400000000538e+02
5.251976100000000542e+02
5.251978699999999662e+02
5.251981299999999919e+02
5.251983900000000176e+02
5.251986600000000180e+02
5.251989200000000437e+02
5.251991799999999557e+02
5.251994499999999562e+02
5.251997099999999818e+02
5.251999700000000075e+02
5.252002300000000332e+02
5.252005000000000337e+02
5.252007599999999456e+02
5.252010199999999713e+02
5.252012799999999970e+02
5.252015499999999975e+02
5.252018100000000231e+02
5.252020700000000488e+02
5.252023299999999608e+02
5.252025999999999613e+02
5.252028599999999869e+02
5.252031200000000126e+02
5.252033800000000383e+02
5.252036500000000387e+02
5.252039099999999507e+02
5.252041699999999764e+02
5.252044300000000021e+02
5.252047000000000025e+02
5.252049600000000282e+02
5.252052200000000539e+02
5.252054900000000544e+02
5.252057499999999663e+02
5.252060099999999920e+02
5.252062700000000177e+02
5.252065400000000182e+02
5.252068000000000438e+02
5.252070599999999558e+02
5.252073199999999815e+02
5.252075899999999820e+02
5.252078500000000076e+02
5.252081100000000333e+02
5.252083699999999453e+02
5.252086399999999458e+02
5.252088999999999714e+02
5.252091599999999971e+02
5.252094200000000228e+02
5.252096900000000232e+02
5.252099500000000489e+02
5.252102099999999609e+02
5.252104699999999866e+02
5.252107399999999870e+02
5.252110000000000127e+02
5.252112600000000384e+02
5.252115199999999504e+02
5.252117899999999509e+02
5.252120499999999765e+02
5.252123100000000022e+02
5.252125800000000027e+02
5.252128400000000283e+02
5.252131000000000540e+02
5.252133599999999660e+02
5.252136299999999665e+02
5.252138899999999921e+02
5.252141500000000178e+02
5.252144100000000435e+02
5.252146800000000439e+02
5.252149399999999559e+02
5.252151999999999816e+02
5.252154600000000073e+02
5.252157300000000077e+02
5.252159900000000334e+02
5.252162499999999454e+02
5.252165099999999711e+02
5.252167799999999716e+02
5.252170399999999972e+02
5.252173000000000229e+02
5.252175600000000486e+02
5.252178300000000490e+02
5.252180899999999610e+02
5.252183499999999867e+02
5.252186199999999872e+02
5.252188800000000128e+02
5.252191400000000385e+02
5.252193999999999505e+02
5.252196699999999510e+02
5.252199299999999766e+02
5.252201900000000023e+02
5.252204500000000280e+02
5.252207200000000284e+02
5.252209800000000541e+02
5.252212399999999661e+02
5.252214999999999918e+02
5.252217699999999923e+02
5.252220300000000179e+02
5.252222900000000436e+02
5.252225499999999556e+02
5.252228199999999561e+02
5.252230799999999817e+02
5.252233400000000074e+02
5.252236000000000331e+02
5.252238700000000335e+02
5.252241299999999455e+02
5.252243899999999712e+02
5.252246599999999717e+02
5.252249199999999973e+02
5.252251800000000230e+02
5.252254400000000487e+02
5.252257100000000491e+02
5.252259699999999611e+02
5.252262299999999868e+02
5.252264900000000125e+02
5.252267600000000130e+02
5.252270200000000386e+02
