6.151018214446539787e+02
6.151021313615077588e+02
6.151024412783617663e+02
6.151027411978977852e+02
6.151030511147521338e+02
6.151033610316060276e+02
6.151036709484599214e+02
6.151039808653141563e+02
6.151042807848501752e+02
6.151045907017040690e+02
6.151049006185583039e+02
6.151052105354121977e+02
6.151055104549483303e+02
6.151058203718025652e+02
6.151061302886565727e+02
6.151064402055104665e+02
6.151067401250464854e+02
6.151070500419004929e+02
6.151073599587546141e+02
6.151076698756085079e+02
6.151079697951445269e+02
6.151082797119985344e+02
6.151085896288526556e+02
6.151088995457065494e+02
6.151091994652427957e+02
6.151095093820968032e+02
6.151098192989509243e+02
6.151101292158047045e+02
6.151104391326585983e+02
6.151107390521948446e+02
6.151110489690487384e+02
6.151113588859028596e+02
6.151116688027567534e+02
6.151119687222928860e+02
6.151122786391467798e+02
6.151125885560007873e+02
6.151128984728547948e+02
6.151131983923909274e+02
6.151135083092448212e+02
6.151138182260988287e+02
6.151141281429528362e+02
6.151144280624888552e+02
6.151147379793428627e+02
6.151150478961969839e+02
6.151153578130508777e+02
6.151156677299047715e+02
6.151159676494410178e+02
6.151162775662947979e+02
6.151165874831488054e+02
6.151168974000026992e+02
6.151171973195387181e+02
6.151175072363927256e+02
6.151178171532467331e+02
6.151181270701006270e+02
6.151184269896366459e+02
6.151187369064907671e+02
6.151190468233446609e+02
6.151193567401985547e+02
6.151196566597346873e+02
6.151199665765884674e+02
6.151202764934424749e+02
6.151205864102964824e+02
6.151208963271503762e+02
6.151211962466863952e+02
6.151215061635405164e+02
6.151218160803941828e+02
6.151221259972483040e+02
6.151224259167843229e+02
6.151227358336382167e+02
6.151230457504921105e+02
6.151233556673460043e+02
6.151236555868821370e+02
6.151239655037360308e+02
6.151242754205899246e+02
6.151245853374438184e+02
6.151248852569799510e+02
6.151251951738338448e+02
6.151255050906878523e+02
6.151258150075416324e+02
6.151261249243956399e+02
6.151264248439315452e+02
6.151267347607855527e+02
6.151270446776395602e+02
6.151273545944932266e+02
6.151276545140294729e+02
6.151279644308833667e+02
6.151282743477372605e+02
6.151285842645910407e+02
6.151288841841271733e+02
6.151291941009810671e+02
6.151295040178349609e+02
6.151298139346888547e+02
6.151301138542248736e+02
6.151304237710786538e+02
6.151307336879326613e+02
6.151310436047864414e+02
6.151313535216404489e+02
6.151316534411764678e+02
6.151319633580302479e+02
6.151322732748842554e+02
6.151325831917380356e+02
6.151328831112742819e+02
6.151331930281279483e+02
6.151335029449819558e+02
6.151338128618357359e+02
6.151341127813718686e+02
6.151344226982255350e+02
6.151347326150795425e+02
6.151350425319334363e+02
6.151353424514693415e+02
6.151356523683232354e+02
6.151359622851770155e+02
6.151362722020310230e+02
6.151365821188848031e+02
6.151368820384209357e+02
6.151371919552746022e+02
6.151375018721286096e+02
6.151378117889823898e+02
6.151381117085185224e+02
6.151384216253721888e+02
6.151387315422260826e+02
6.151390414590798628e+02
6.151393413786158817e+02
6.151396512954697755e+02
6.151399612123236693e+02
6.151402711291773358e+02
6.151405710487135821e+02
6.151408809655673622e+02
6.151411908824211423e+02
6.151415007992748087e+02
6.151418107161287026e+02
6.151421106356647215e+02
6.151424205525188427e+02
6.151427304693723954e+02
6.151430403862262892e+02
6.151433403057621945e+02
6.151436502226160883e+02
6.151439601394698684e+02
6.151442700563237622e+02
6.151445699758597812e+02
6.151448798927134476e+02
6.151451898095672277e+02
6.151454997264211215e+02
6.151458096432750153e+02
6.151461095628108069e+02
6.151464194796648144e+02
6.151467293965184808e+02
6.151470393133723746e+02
6.151473392329082799e+02
6.151476491497621737e+02
6.151479590666160675e+02
6.151482689834696203e+02
6.151485689030057529e+02
6.151488788198594193e+02
6.151491887367133131e+02
6.151494986535670932e+02
6.151497985731031122e+02
6.151501084899567786e+02
6.151504184068105587e+02
6.151507283236644525e+02
6.151510382405181190e+02
6.151513381600541379e+02
6.151516480769080317e+02
6.151519579937618118e+02
6.151522679106157057e+02
6.151525678301513835e+02
6.151528777470051637e+02
6.151531876638590575e+02
6.151534975807128376e+02
6.151537975002487428e+02
6.151541074171025230e+02
6.151544173339563031e+02
6.151547272508100832e+02
6.151550271703459885e+02
6.151553370871996549e+02
6.151556470040534350e+02
6.151559569209073288e+02
6.151562668377611089e+02
6.151565667572970142e+02
6.151568766741507943e+02
6.151571865910045744e+02
6.151574965078582409e+02
6.151577964273941461e+02
6.151581063442479262e+02
6.151584162611014790e+02
6.151587261779556002e+02
6.151590260974913917e+02
6.151593360143452855e+02
6.151596459311987246e+02
6.151599558480526184e+02
6.151602657649063985e+02
6.151605656844424175e+02
6.151608756012959702e+02
6.151611855181497504e+02
6.151614954350035305e+02
6.151617953545393220e+02
6.151621052713931022e+02
6.151624151882467686e+02
6.151627251051005487e+02
6.151630250246364540e+02
6.151633349414902341e+02
6.151636448583439005e+02
6.151639547751976806e+02
6.151642546947335859e+02
6.151645646115873660e+02
6.151648745284409188e+02
6.151651844452946989e+02
6.151654943621485927e+02
6.151657942816842706e+02
6.151661041985382781e+02
6.151664141153917171e+02
6.151667240322454973e+02
6.151670239517811751e+02
6.151673338686350689e+02
6.151676437854887354e+02
6.151679537023424018e+02
6.151682536218784207e+02
6.151685635387320872e+02
6.151688734555856399e+02
6.151691833724393064e+02
6.151694932892930865e+02
6.151697932088288781e+02
6.151701031256827719e+02
6.151704130425365520e+02
6.151707229593901047e+02
6.151710228789258963e+02
6.151713327957796764e+02
6.151716427126334565e+02
6.151719526294871230e+02
6.151722525490229145e+02
6.151725624658764673e+02
6.151728723827302474e+02
6.151731822995840275e+02
6.151734822191199328e+02
6.151737921359734855e+02
6.151741020528272657e+02
6.151744119696808184e+02
6.151747218865344848e+02
6.151750218060703901e+02
6.151753317229240565e+02
6.151756416397779503e+02
6.151759515566316168e+02
6.151762514761671810e+02
6.151765613930208474e+02
6.151768713098747412e+02
6.151771812267281803e+02
6.151774811462641992e+02
6.151777910631176383e+02
6.151781009799713047e+02
6.151784108968250848e+02
6.151787208136786376e+02
6.151790207332145428e+02
6.151793306500682093e+02
6.151796405669218757e+02
6.151799504837755421e+02
6.151802504033113337e+02
6.151805603201650001e+02
6.151808702370185529e+02
6.151811801538722193e+02
6.151814800734080109e+02
6.151817899902617910e+02
6.151820999071153437e+02
6.151824098239691239e+02
6.151827197408226766e+02
6.151830196603584682e+02
6.151833295772121346e+02
6.151836394940658010e+02
6.151839494109192401e+02
6.151842493304551454e+02
6.151845592473088118e+02
6.151848691641623645e+02
6.151851790810160310e+02
6.151854790005518225e+02
6.151857889174054890e+02
6.151860988342590417e+02
6.151864087511128218e+02
6.151867086706486134e+02
6.151870185875020525e+02
6.151873285043556052e+02
6.151876384212093853e+02
6.151879483380630518e+02
6.151882482575987297e+02
6.151885581744523961e+02
6.151888680913059488e+02
6.151891780081596153e+02
6.151894779276952931e+02
6.151897878445490733e+02
6.151900977614025123e+02
6.151904076782564061e+02
6.151907075977918566e+02
6.151910175146455231e+02
6.151913274314990758e+02
6.151916373483526286e+02
6.151919472652064087e+02
6.151922471847422003e+02
6.151925571015956393e+02
6.151928670184491921e+02
6.151931769353028585e+02
6.151934768548386501e+02
6.151937867716922028e+02
6.151940966885459829e+02
6.151944066053995357e+02
6.151947065249352136e+02
6.151950164417887663e+02
6.151953263586423191e+02
6.151956362754958718e+02
6.151959461923495383e+02
6.151962461118851024e+02
6.151965560287387689e+02
6.151968659455923216e+02
6.151971758624458744e+02
6.151974757819817796e+02
6.151977856988354461e+02
6.151980956156889988e+02
6.151984055325423242e+02
6.151987054520781157e+02
6.151990153689317822e+02
6.151993252857854486e+02
6.151996352026388877e+02
6.151999451194924404e+02
6.152002450390280046e+02
6.152005549558816710e+02
6.152008648727353375e+02
6.152011747895887765e+02
6.152014747091245681e+02
6.152017846259780072e+02
6.152020945428315599e+02
6.152024044596849990e+02
6.152027043792207905e+02
6.152030142960743433e+02
6.152033242129280097e+02
6.152036341297815625e+02
6.152039440466348879e+02
6.152042439661706794e+02
6.152045538830243459e+02
6.152048637998777849e+02
6.152051737167313377e+02
6.152054736362670155e+02
6.152057835531204546e+02
6.152060934699741210e+02
6.152064033868276738e+02
6.152067033063633517e+02
6.152070132232170181e+02
6.152073231400704572e+02
6.152076330569238962e+02
6.152079429737774490e+02
6.152082428933131268e+02
6.152085528101665659e+02
6.152088627270202323e+02
6.152091726438736714e+02
6.152094725634093493e+02
6.152097824802629020e+02
6.152100923971164548e+02
6.152104023139698938e+02
6.152107022335056854e+02
6.152110121503591245e+02
6.152113220672124498e+02
6.152116319840660026e+02
6.152119419009195553e+02
6.152122418204552332e+02
6.152125517373087860e+02
6.152128616541623387e+02
6.152131715710157778e+02
6.152134714905514556e+02
6.152137814074050084e+02
6.152140913242584475e+02
6.152144012411120002e+02
6.152147011606476781e+02
6.152150110775011171e+02
6.152153209943545562e+02
6.152156309112081090e+02
6.152159408280615480e+02
6.152162407475972259e+02
6.152165506644504376e+02
6.152168605813042177e+02
6.152171704981576568e+02
6.152174704176933346e+02
6.152177803345468874e+02
6.152180902514003265e+02
6.152184001682537655e+02
6.152187000877892160e+02
6.152190100046427688e+02
6.152193199214962078e+02
6.152196298383497606e+02
6.152199397552033133e+02
6.152202396747388775e+02
6.152205495915922029e+02
6.152208595084457556e+02
6.152211694252993084e+02
6.152214693448348726e+02
6.152217792616883116e+02
