6.152720600000000104e+02
6.152723700000000235e+02
6.152726800000000367e+02
6.152729799999999614e+02
6.152732899999999745e+02
6.152735999999999876e+02
6.152739100000000008e+02
6.152742200000000139e+02
6.152745200000000523e+02
6.152748299999999517e+02
6.152751399999999649e+02
6.152754499999999780e+02
6.152757500000000164e+02
6.152760600000000295e+02
6.152763700000000426e+02
6.152766800000000558e+02
6.152769799999999805e+02
6.152772899999999936e+02
6.152776000000000067e+02
6.152779100000000199e+02
6.152782099999999446e+02
6.152785199999999577e+02
6.152788299999999708e+02
6.152791399999999840e+02
6.152794400000000223e+02
6.152797500000000355e+02
6.152800600000000486e+02
6.152803699999999480e+02
6.152806799999999612e+02
6.152809799999999996e+02
6.152812900000000127e+02
6.152816000000000258e+02
6.152819100000000390e+02
6.152822099999999637e+02
6.152825199999999768e+02
6.152828299999999899e+02
6.152831400000000031e+02
6.152834400000000414e+02
6.152837500000000546e+02
6.152840599999999540e+02
6.152843699999999671e+02
6.152846700000000055e+02
6.152849800000000187e+02
6.152852900000000318e+02
6.152856000000000449e+02
6.152859099999999444e+02
6.152862099999999828e+02
6.152865199999999959e+02
6.152868300000000090e+02
6.152871400000000222e+02
6.152874399999999468e+02
6.152877499999999600e+02
6.152880599999999731e+02
6.152883699999999862e+02
6.152886700000000246e+02
6.152889800000000378e+02
6.152892900000000509e+02
6.152895999999999503e+02
6.152898999999999887e+02
6.152902100000000019e+02
6.152905200000000150e+02
6.152908300000000281e+02
6.152911400000000413e+02
6.152914399999999659e+02
6.152917499999999791e+02
6.152920599999999922e+02
6.152923700000000053e+02
6.152926700000000437e+02
6.152929799999999432e+02
6.152932899999999563e+02
6.152935999999999694e+02
6.152939000000000078e+02
6.152942100000000210e+02
6.152945200000000341e+02
6.152948300000000472e+02
6.152951299999999719e+02
6.152954399999999850e+02
6.152957499999999982e+02
6.152960600000000113e+02
6.152963700000000244e+02
6.152966699999999491e+02
6.152969799999999623e+02
6.152972899999999754e+02
6.152975999999999885e+02
6.152979000000000269e+02
6.152982100000000401e+02
6.152985200000000532e+02
6.152988299999999526e+02
6.152991299999999910e+02
6.152994400000000041e+02
6.152997500000000173e+02
6.153000600000000304e+02
6.153003599999999551e+02
6.153006699999999682e+02
6.153009799999999814e+02
6.153012899999999945e+02
6.153016000000000076e+02
6.153019000000000460e+02
6.153022099999999455e+02
6.153025199999999586e+02
6.153028299999999717e+02
6.153031300000000101e+02
6.153034400000000232e+02
6.153037500000000364e+02
6.153040600000000495e+02
6.153043599999999742e+02
6.153046699999999873e+02
6.153049800000000005e+02
6.153052900000000136e+02
6.153055900000000520e+02
6.153058999999999514e+02
6.153062099999999646e+02
6.153065199999999777e+02
6.153068299999999908e+02
6.153071300000000292e+02
6.153074400000000423e+02
6.153077500000000555e+02
6.153080599999999549e+02
6.153083599999999933e+02
6.153086700000000064e+02
6.153089800000000196e+02
6.153092900000000327e+02
6.153095899999999574e+02
6.153098999999999705e+02
6.153102099999999837e+02
6.153105199999999968e+02
6.153108200000000352e+02
6.153111300000000483e+02
6.153114399999999478e+02
6.153117499999999609e+02
6.153120599999999740e+02
6.153123600000000124e+02
6.153126700000000255e+02
6.153129800000000387e+02
6.153132900000000518e+02
6.153135899999999765e+02
6.153138999999999896e+02
6.153142100000000028e+02
6.153145200000000159e+02
6.153148200000000543e+02
6.153151299999999537e+02
6.153154399999999669e+02
6.153157499999999800e+02
6.153160599999999931e+02
6.153163600000000315e+02
6.153166700000000446e+02
6.153169799999999441e+02
6.153172899999999572e+02
6.153175899999999956e+02
6.153179000000000087e+02
6.153182100000000219e+02
6.153185200000000350e+02
6.153188199999999597e+02
6.153191299999999728e+02
6.153194399999999860e+02
6.153197499999999991e+02
6.153200500000000375e+02
6.153203600000000506e+02
6.153206699999999501e+02
6.153209799999999632e+02
6.153212899999999763e+02
6.153215900000000147e+02
6.153219000000000278e+02
6.153222100000000410e+02
6.153225200000000541e+02
6.153228199999999788e+02
6.153231299999999919e+02
6.153234400000000051e+02
6.153237500000000182e+02
6.153240500000000566e+02
6.153243599999999560e+02
6.153246699999999691e+02
6.153249799999999823e+02
6.153252800000000207e+02
6.153255900000000338e+02
6.153259000000000469e+02
6.153262099999999464e+02
6.153265199999999595e+02
6.153268199999999979e+02
6.153271300000000110e+02
6.153274400000000242e+02
6.153277500000000373e+02
6.153280499999999620e+02
6.153283599999999751e+02
6.153286699999999882e+02
6.153289800000000014e+02
6.153292800000000398e+02
6.153295900000000529e+02
6.153298999999999523e+02
6.153302099999999655e+02
6.153305199999999786e+02
6.153308200000000170e+02
6.153311300000000301e+02
6.153314400000000433e+02
6.153317500000000564e+02
6.153320499999999811e+02
6.153323599999999942e+02
6.153326700000000073e+02
6.153329800000000205e+02
6.153332799999999452e+02
6.153335899999999583e+02
6.153338999999999714e+02
6.153342099999999846e+02
6.153345100000000230e+02
6.153348200000000361e+02
6.153351300000000492e+02
6.153354399999999487e+02
6.153357499999999618e+02
6.153360500000000002e+02
6.153363600000000133e+02
6.153366700000000264e+02
6.153369800000000396e+02
6.153372799999999643e+02
6.153375899999999774e+02
6.153378999999999905e+02
6.153382100000000037e+02
6.153385100000000421e+02
6.153388200000000552e+02
6.153391299999999546e+02
6.153394399999999678e+02
6.153397499999999809e+02
6.153400500000000193e+02
6.153403600000000324e+02
6.153406700000000455e+02
6.153409799999999450e+02
6.153412799999999834e+02
6.153415899999999965e+02
6.153419000000000096e+02
6.153422100000000228e+02
6.153425099999999475e+02
6.153428199999999606e+02
6.153431299999999737e+02
6.153434399999999869e+02
6.153437400000000252e+02
6.153440500000000384e+02
6.153443600000000515e+02
6.153446699999999510e+02
6.153449799999999641e+02
6.153452800000000025e+02
6.153455900000000156e+02
6.153459000000000287e+02
6.153462100000000419e+02
6.153465099999999666e+02
6.153468199999999797e+02
6.153471299999999928e+02
6.153474400000000060e+02
6.153477400000000443e+02
6.153480499999999438e+02
6.153483599999999569e+02
6.153486699999999701e+02
6.153489799999999832e+02
6.153492800000000216e+02
6.153495900000000347e+02
6.153499000000000478e+02
6.153502099999999473e+02
6.153505099999999857e+02
6.153508199999999988e+02
6.153511300000000119e+02
6.153514400000000251e+02
6.153517399999999498e+02
6.153520499999999629e+02
6.153523599999999760e+02
6.153526699999999892e+02
6.153529800000000023e+02
6.153532800000000407e+02
6.153535900000000538e+02
6.153538999999999533e+02
6.153542099999999664e+02
6.153545100000000048e+02
6.153548200000000179e+02
6.153551300000000310e+02
6.153554400000000442e+02
6.153557399999999689e+02
6.153560499999999820e+02
6.153563599999999951e+02
6.153566700000000083e+02
6.153569700000000466e+02
6.153572799999999461e+02
6.153575899999999592e+02
6.153578999999999724e+02
6.153582099999999855e+02
6.153585100000000239e+02
6.153588200000000370e+02
6.153591300000000501e+02
6.153594399999999496e+02
6.153597399999999880e+02
6.153600500000000011e+02
6.153603600000000142e+02
6.153606700000000274e+02
6.153609699999999521e+02
6.153612799999999652e+02
6.153615899999999783e+02
6.153618999999999915e+02
6.153622100000000046e+02
6.153625100000000430e+02
6.153628200000000561e+02
6.153631299999999555e+02
6.153634399999999687e+02
6.153637400000000071e+02
6.153640500000000202e+02
6.153643600000000333e+02
6.153646700000000465e+02
6.153649699999999712e+02
6.153652799999999843e+02
6.153655899999999974e+02
6.153659000000000106e+02
6.153662100000000237e+02
6.153665099999999484e+02
6.153668199999999615e+02
6.153671299999999746e+02
6.153674399999999878e+02
6.153677400000000262e+02
6.153680500000000393e+02
6.153683600000000524e+02
6.153686699999999519e+02
6.153689699999999903e+02
6.153692800000000034e+02
6.153695900000000165e+02
6.153699000000000296e+02
6.153702100000000428e+02
6.153705099999999675e+02
6.153708199999999806e+02
6.153711299999999937e+02
6.153714400000000069e+02
6.153717400000000453e+02
6.153720499999999447e+02
6.153723599999999578e+02
6.153726699999999710e+02
6.153729700000000093e+02
6.153732800000000225e+02
6.153735900000000356e+02
6.153739000000000487e+02
6.153742099999999482e+02
6.153745099999999866e+02
6.153748199999999997e+02
6.153751300000000128e+02
6.153754400000000260e+02
6.153757399999999507e+02
6.153760499999999638e+02
6.153763599999999769e+02
6.153766699999999901e+02
6.153769700000000284e+02
6.153772800000000416e+02
6.153775900000000547e+02
6.153778999999999542e+02
6.153782099999999673e+02
6.153785100000000057e+02
6.153788200000000188e+02
6.153791300000000319e+02
6.153794400000000451e+02
6.153797399999999698e+02
6.153800499999999829e+02
6.153803599999999960e+02
6.153806700000000092e+02
6.153809700000000475e+02
6.153812799999999470e+02
6.153815899999999601e+02
6.153818999999999733e+02
6.153822099999999864e+02
6.153825100000000248e+02
6.153828200000000379e+02
6.153831300000000510e+02
6.153834399999999505e+02
6.153837399999999889e+02
6.153840500000000020e+02
6.153843600000000151e+02
6.153846700000000283e+02
6.153849699999999530e+02
6.153852799999999661e+02
6.153855899999999792e+02
6.153858999999999924e+02
6.153862100000000055e+02
6.153865100000000439e+02
6.153868199999999433e+02
6.153871299999999565e+02
6.153874399999999696e+02
6.153877400000000080e+02
6.153880500000000211e+02
6.153883600000000342e+02
6.153886700000000474e+02
6.153889699999999721e+02
6.153892799999999852e+02
6.153895899999999983e+02
6.153899000000000115e+02
6.153902100000000246e+02
6.153905099999999493e+02
6.153908199999999624e+02
6.153911299999999756e+02
6.153914399999999887e+02
6.153917400000000271e+02
6.153920500000000402e+02
