6.172735887569541546e+02
6.172738986737980440e+02
6.172742085906418197e+02
6.172745185074858227e+02
6.172748284243298258e+02
6.172751383411736015e+02
6.172754482580174908e+02
6.172757481775438464e+02
6.172760580943876221e+02
6.172763680112315114e+02
6.172766779280755145e+02
6.172769878449192902e+02
6.172772977617631796e+02
6.172776076786070689e+02
6.172779175954509583e+02
6.172782175149770865e+02
6.172785274318209758e+02
6.172788373486649789e+02
6.172791472655088683e+02
6.172794571823527576e+02
6.172797670991966470e+02
6.172800770160404227e+02
6.172803869328843120e+02
6.172806868524105539e+02
6.172809967692544433e+02
6.172813066860983326e+02
6.172816166029422220e+02
6.172819265197861114e+02
6.172822364366298871e+02
6.172825463534737764e+02
6.172828562703175521e+02
6.172831561898439077e+02
6.172834661066877970e+02
6.172837760235315727e+02
6.172840859403754621e+02
6.172843958572192378e+02
6.172847057740632408e+02
6.172850156909070165e+02
6.172853156104333721e+02
6.172856255272771477e+02
6.172859354441209234e+02
6.172862453609648128e+02
6.172865552778087022e+02
6.172868651946523642e+02
6.172871751114962535e+02
6.172874850283400292e+02
6.172877849478664984e+02
6.172880948647101604e+02
6.172884047815539361e+02
6.172887146983978255e+02
6.172890246152417149e+02
6.172893345320856042e+02
6.172896444489293799e+02
6.172899543657730419e+02
6.172902542852993975e+02
6.172905642021432868e+02
6.172908741189869488e+02
6.172911840358308382e+02
6.172914939526746139e+02
6.172918038695183895e+02
6.172921137863622789e+02
6.172924237032059409e+02
6.172927236227321828e+02
6.172930335395760721e+02
6.172933434564199615e+02
6.172936533732637372e+02
6.172939632901076266e+02
6.172942732069511749e+02
6.172945831237950642e+02
6.172948930406389536e+02
6.172951929601649681e+02
6.172955028770089712e+02
6.172958127938527468e+02
6.172961227106964088e+02
6.172964326275402982e+02
6.172967425443841876e+02
6.172970524612278496e+02
6.172973623780715116e+02
6.172976622975977534e+02
6.172979722144416428e+02
6.172982821312855322e+02
6.172985920481293078e+02
6.172989019649729698e+02
6.172992118818167455e+02
6.172995217986606349e+02
6.172998317155041832e+02
6.173001316350305387e+02
6.173004415518743144e+02
6.173007514687180901e+02
6.173010613855618658e+02
6.173013713024055278e+02
6.173016812192493035e+02
6.173019911360930791e+02
6.173023010529368548e+02
6.173026009724630967e+02
6.173029108893068724e+02
6.173032208061506481e+02
6.173035307229943101e+02
6.173038406398379720e+02
6.173041505566818614e+02
6.173044604735256371e+02
6.173047703903691854e+02
6.173050703098954273e+02
6.173053802267393166e+02
6.173056901435830923e+02
6.173060000604268680e+02
6.173063099772704163e+02
6.173066198941140783e+02
6.173069298109579677e+02
6.173072397278017434e+02
6.173075396473279852e+02
6.173078495641718746e+02
6.173081594810153092e+02
6.173084693978590849e+02
6.173087793147027469e+02
6.173090892315465226e+02
6.173093991483904119e+02
6.173096990679163127e+02
6.173100089847602021e+02
6.173103189016039778e+02
6.173106288184477535e+02
6.173109387352913018e+02
6.173112486521350775e+02
6.173115585689789668e+02
6.173118684858225151e+02
6.173121684053487570e+02
6.173124783221923053e+02
6.173127882390360810e+02
6.173130981558798567e+02
6.173134080727234050e+02
6.173137179895672944e+02
6.173140279064109563e+02
6.173143378232546183e+02
6.173146377427808602e+02
6.173149476596244085e+02
6.173152575764681842e+02
6.173155674933118462e+02
6.173158774101555082e+02
6.173161873269993976e+02
6.173164972438428322e+02
6.173168071606867215e+02
6.173171070802127360e+02
6.173174169970563980e+02
6.173177269139002874e+02
6.173180368307438357e+02
6.173183467475876114e+02
6.173186566644313871e+02
6.173189665812748217e+02
6.173192764981185974e+02
6.173195764176447256e+02
6.173198863344885012e+02
6.173201962513320495e+02
6.173205061681758252e+02
6.173208160850194872e+02
6.173211260018631492e+02
6.173214359187068112e+02
6.173217458355504732e+02
6.173220457550766014e+02
6.173223556719203771e+02
6.173226655887640391e+02
6.173229755056075874e+02
6.173232854224512494e+02
6.173235953392947977e+02
6.173239052561386870e+02
6.173242151729821217e+02
6.173245150925083635e+02
6.173248250093520255e+02
6.173251349261956875e+02
6.173254448430392358e+02
6.173257547598828978e+02
6.173260646767266735e+02
6.173263745935703355e+02
6.173266845104138838e+02
6.173269844299401257e+02
6.173272943467836740e+02
6.173276042636273360e+02
6.173279141804708843e+02
6.173282240973145463e+02
6.173285340141582083e+02
6.173288439310018703e+02
6.173291538478455323e+02
6.173294537673714331e+02
6.173297636842152087e+02
6.173300736010587570e+02
6.173303835179024190e+02
6.173306934347460810e+02
6.173310033515897430e+02
6.173313132684332913e+02
6.173316231852770670e+02
6.173319231048029678e+02
6.173322330216466298e+02
6.173325429384902918e+02
6.173328528553340675e+02
6.173331627721775021e+02
6.173334726890212778e+02
6.173337826058648261e+02
6.173340925227083744e+02
6.173343924422345026e+02
6.173347023590780509e+02
6.173350122759218266e+02
6.173353221927652612e+02
6.173356321096089232e+02
6.173359420264524715e+02
6.173362519432960198e+02
6.173365618601395681e+02
6.173368617796656963e+02
6.173371716965093583e+02
6.173374816133529066e+02
6.173377915301966823e+02
6.173381014470401169e+02
6.173384113638837789e+02
6.173387212807272135e+02
6.173390311975708755e+02
6.173393311170968900e+02
6.173396410339405520e+02
6.173399509507842140e+02
6.173402608676277623e+02
6.173405707844711969e+02
6.173408807013148589e+02
6.173411906181584072e+02
6.173415005350019555e+02
6.173418004545279700e+02
6.173421103713716320e+02
6.173424202882150666e+02
6.173427302050586150e+02
6.173430401219023906e+02
6.173433500387458253e+02
6.173436599555896009e+02
6.173439698724330356e+02
6.173442697919591637e+02
6.173445797088025984e+02
6.173448896256461467e+02
6.173451995424895813e+02
6.173455094593332433e+02
6.173458193761769053e+02
6.173461292930204536e+02
6.173464392098640019e+02
6.173467391293900164e+02
6.173470490462336784e+02
6.173473589630769993e+02
6.173476688799205476e+02
6.173479787967642096e+02
6.173482887136077579e+02
6.173485986304513062e+02
6.173489085472948545e+02
6.173492084668208690e+02
6.173495183836641900e+02
6.173498283005079657e+02
6.173501382173515140e+02
6.173504481341950623e+02
6.173507580510386106e+02
6.173510679678819315e+02
6.173513778847255935e+02
6.173516878015691418e+02
6.173519877210950426e+02
6.173522976379387046e+02
6.173526075547822529e+02
6.173529174716256875e+02
6.173532273884693495e+02
6.173535373053125568e+02
6.173538472221561051e+02
6.173541571389998808e+02
6.173544570585258953e+02
6.173547669753693299e+02
6.173550768922127645e+02
6.173553868090564265e+02
6.173556967258997474e+02
6.173560066427432957e+02
6.173563165595867304e+02
6.173566264764301650e+02
6.173569263959564069e+02
6.173572363127998415e+02
6.173575462296432761e+02
6.173578561464867107e+02
6.173581660633302590e+02
6.173584759801739210e+02
6.173587858970173556e+02
6.173590958138607903e+02
6.173593957333866911e+02
6.173597056502301257e+02
6.173600155670737877e+02
6.173603254839172223e+02
6.173606354007606569e+02
6.173609453176043189e+02
6.173612552344476399e+02
6.173615651512911882e+02
6.173618650708169753e+02
6.173621749876605236e+02
6.173624849045040719e+02
6.173627948213476202e+02
6.173631047381909411e+02
6.173634146550346031e+02
6.173637245718780378e+02
6.173640344887214724e+02
6.173643344082473732e+02
6.173646443250908078e+02
6.173649542419343561e+02
6.173652641587779044e+02
6.173655740756212253e+02
6.173658839924646600e+02
6.173661939093083220e+02
6.173665038261515292e+02
6.173668037456775437e+02
6.173671136625209783e+02
6.173674235793645266e+02
6.173677334962080749e+02
6.173680434130513959e+02
6.173683533298949442e+02
6.173686632467382651e+02
6.173689731635818134e+02
6.173692730831076005e+02
6.173695829999511488e+02
6.173698929167945835e+02
6.173702028336380181e+02
6.173705127504815664e+02
6.173708226673248873e+02
6.173711325841683220e+02
6.173714425010117566e+02
6.173717424205377711e+02
6.173720523373810920e+02
6.173723622542245266e+02
6.173726721710679612e+02
6.173729820879113959e+02
6.173732920047548305e+02
6.173736019215981514e+02
6.173739118384416997e+02
6.173742217552851343e+02
6.173745216748109215e+02
6.173748315916544698e+02
6.173751415084977907e+02
6.173754514253412253e+02
6.173757613421846600e+02
6.173760712590279809e+02
6.173763811758716429e+02
6.173766910927149638e+02
6.173769910122408646e+02
6.173773009290841856e+02
6.173776108459276202e+02
6.173779207627710548e+02
6.173782306796144894e+02
6.173785405964579240e+02
6.173788505133013587e+02
6.173791604301447933e+02
6.173794603496705804e+02
6.173797702665140150e+02
6.173800801833573360e+02
6.173803901002007706e+02
6.173807000170442052e+02
6.173810099338875261e+02
6.173813198507309608e+02
6.173816297675741680e+02
6.173819296871000688e+02
6.173822396039436171e+02
6.173825495207870517e+02
6.173828594376303727e+02
6.173831693544736936e+02
6.173834792713171282e+02
6.173837891881603355e+02
6.173840991050037701e+02
6.173843990245296709e+02
6.173847089413731055e+02
6.173850188582164265e+02
6.173853287750598611e+02
6.173856386919031820e+02
6.173859486087465029e+02
6.173862585255898239e+02
6.173865684424333722e+02
6.173868683619591593e+02
6.173871782788025939e+02
6.173874881956460285e+02
6.173877981124892358e+02
6.173881080293324430e+02
6.173884179461758777e+02
6.173887278630193123e+02
6.173890377798626332e+02
6.173893476967059541e+02
6.173896476162319686e+02
6.173899575330750622e+02
6.173902674499183831e+02
6.173905773667618178e+02
6.173908872836052524e+02
6.173911972004486870e+02
6.173915071172920079e+02
6.173918170341354426e+02
6.173921169536610023e+02
6.173924268705043232e+02
6.173927367873477579e+02
6.173930467041911925e+02
6.173933566210345134e+02
