6.174444099999999480e+02
6.174447199999999611e+02
6.174450299999999743e+02
6.174453399999999874e+02
6.174456500000000005e+02
6.174459600000000137e+02
6.174462700000000268e+02
6.174465699999999515e+02
6.174468799999999646e+02
6.174471899999999778e+02
6.174474999999999909e+02
6.174478100000000040e+02
6.174481200000000172e+02
6.174484300000000303e+02
6.174487400000000434e+02
6.174490399999999681e+02
6.174493499999999813e+02
6.174496599999999944e+02
6.174499700000000075e+02
6.174502800000000207e+02
6.174505900000000338e+02
6.174509000000000469e+02
6.174512099999999464e+02
6.174515099999999848e+02
6.174518199999999979e+02
6.174521300000000110e+02
6.174524400000000242e+02
6.174527500000000373e+02
6.174530600000000504e+02
6.174533699999999499e+02
6.174536799999999630e+02
6.174539800000000014e+02
6.174542900000000145e+02
6.174546000000000276e+02
6.174549100000000408e+02
6.174552200000000539e+02
6.174555299999999534e+02
6.174558399999999665e+02
6.174561400000000049e+02
6.174564500000000180e+02
6.174567600000000311e+02
6.174570700000000443e+02
6.174573799999999437e+02
6.174576899999999569e+02
6.174579999999999700e+02
6.174583099999999831e+02
6.174586100000000215e+02
6.174589200000000346e+02
6.174592300000000478e+02
6.174595399999999472e+02
6.174598499999999603e+02
6.174601599999999735e+02
6.174604699999999866e+02
6.174607799999999997e+02
6.174610800000000381e+02
6.174613900000000513e+02
6.174616999999999507e+02
6.174620099999999638e+02
6.174623199999999770e+02
6.174626299999999901e+02
6.174629400000000032e+02
6.174632500000000164e+02
6.174635500000000548e+02
6.174638599999999542e+02
6.174641699999999673e+02
6.174644799999999805e+02
6.174647899999999936e+02
6.174651000000000067e+02
6.174654100000000199e+02
6.174657200000000330e+02
6.174660199999999577e+02
6.174663299999999708e+02
6.174666399999999840e+02
6.174669499999999971e+02
6.174672600000000102e+02
6.174675700000000234e+02
6.174678800000000365e+02
6.174681900000000496e+02
6.174684899999999743e+02
6.174687999999999874e+02
6.174691100000000006e+02
6.174694200000000137e+02
6.174697300000000268e+02
6.174700400000000400e+02
6.174703500000000531e+02
6.174706599999999526e+02
6.174709599999999909e+02
6.174712700000000041e+02
6.174715800000000172e+02
6.174718900000000303e+02
6.174722000000000435e+02
6.174725100000000566e+02
6.174728199999999561e+02
6.174731299999999692e+02
6.174734300000000076e+02
6.174737400000000207e+02
6.174740500000000338e+02
6.174743600000000470e+02
6.174746699999999464e+02
6.174749799999999595e+02
6.174752899999999727e+02
6.174755999999999858e+02
6.174759000000000242e+02
6.174762100000000373e+02
6.174765200000000505e+02
6.174768299999999499e+02
6.174771399999999630e+02
6.174774499999999762e+02
6.174777599999999893e+02
6.174780700000000024e+02
6.174783700000000408e+02
6.174786800000000540e+02
6.174789899999999534e+02
6.174792999999999665e+02
6.174796099999999797e+02
6.174799199999999928e+02
6.174802300000000059e+02
6.174805300000000443e+02
6.174808399999999438e+02
6.174811499999999569e+02
6.174814599999999700e+02
6.174817699999999832e+02
6.174820799999999963e+02
6.174823900000000094e+02
6.174827000000000226e+02
6.174829999999999472e+02
6.174833099999999604e+02
6.174836199999999735e+02
6.174839299999999866e+02
6.174842399999999998e+02
6.174845500000000129e+02
6.174848600000000260e+02
6.174851700000000392e+02
6.174854699999999639e+02
6.174857799999999770e+02
6.174860899999999901e+02
6.174864000000000033e+02
6.174867100000000164e+02
6.174870200000000295e+02
6.174873300000000427e+02
6.174876400000000558e+02
6.174879399999999805e+02
6.174882499999999936e+02
6.174885600000000068e+02
6.174888700000000199e+02
6.174891800000000330e+02
6.174894900000000462e+02
6.174897999999999456e+02
6.174901099999999587e+02
6.174904099999999971e+02
6.174907200000000103e+02
6.174910300000000234e+02
6.174913400000000365e+02
6.174916500000000497e+02
6.174919599999999491e+02
6.174922699999999622e+02
6.174925799999999754e+02
6.174928800000000138e+02
6.174931900000000269e+02
6.174935000000000400e+02
6.174938100000000532e+02
6.174941199999999526e+02
6.174944299999999657e+02
6.174947399999999789e+02
6.174950499999999920e+02
6.174953500000000304e+02
6.174956600000000435e+02
6.174959700000000566e+02
6.174962799999999561e+02
6.174965899999999692e+02
6.174968999999999824e+02
6.174972099999999955e+02
6.174975200000000086e+02
6.174978200000000470e+02
6.174981299999999464e+02
6.174984399999999596e+02
6.174987499999999727e+02
6.174990599999999858e+02
6.174993699999999990e+02
6.174996800000000121e+02
6.174999900000000252e+02
6.175002899999999499e+02
6.175005999999999631e+02
6.175009099999999762e+02
6.175012199999999893e+02
6.175015300000000025e+02
6.175018400000000156e+02
6.175021500000000287e+02
6.175024600000000419e+02
6.175027599999999666e+02
6.175030699999999797e+02
6.175033799999999928e+02
6.175036900000000060e+02
6.175040000000000191e+02
6.175043100000000322e+02
6.175046200000000454e+02
6.175049299999999448e+02
6.175052299999999832e+02
6.175055399999999963e+02
6.175058500000000095e+02
6.175061600000000226e+02
6.175064700000000357e+02
6.175067800000000489e+02
6.175070899999999483e+02
6.175073999999999614e+02
6.175076999999999998e+02
6.175080100000000130e+02
6.175083200000000261e+02
6.175086300000000392e+02
6.175089400000000524e+02
6.175092499999999518e+02
6.175095599999999649e+02
6.175098699999999781e+02
6.175101700000000164e+02
6.175104800000000296e+02
6.175107900000000427e+02
6.175111000000000558e+02
6.175114099999999553e+02
6.175117199999999684e+02
6.175120299999999816e+02
6.175123399999999947e+02
6.175126400000000331e+02
6.175129500000000462e+02
6.175132599999999456e+02
6.175135699999999588e+02
6.175138799999999719e+02
6.175141899999999850e+02
6.175144999999999982e+02
6.175148100000000113e+02
6.175151100000000497e+02
6.175154199999999491e+02
6.175157299999999623e+02
6.175160399999999754e+02
6.175163499999999885e+02
6.175166600000000017e+02
6.175169700000000148e+02
6.175172800000000279e+02
6.175175799999999526e+02
6.175178899999999658e+02
6.175181999999999789e+02
6.175185099999999920e+02
6.175188200000000052e+02
6.175191300000000183e+02
6.175194400000000314e+02
6.175197500000000446e+02
6.175200499999999693e+02
6.175203599999999824e+02
6.175206699999999955e+02
6.175209800000000087e+02
6.175212900000000218e+02
6.175216000000000349e+02
6.175219100000000481e+02
6.175222199999999475e+02
6.175225299999999606e+02
6.175228299999999990e+02
6.175231400000000122e+02
6.175234500000000253e+02
6.175237600000000384e+02
6.175240700000000516e+02
6.175243799999999510e+02
6.175246899999999641e+02
6.175249999999999773e+02
6.175253000000000156e+02
6.175256100000000288e+02
6.175259200000000419e+02
6.175262300000000550e+02
6.175265399999999545e+02
6.175268499999999676e+02
6.175271599999999808e+02
6.175274699999999939e+02
6.175277700000000323e+02
6.175280800000000454e+02
6.175283899999999448e+02
6.175286999999999580e+02
6.175290099999999711e+02
6.175293199999999842e+02
6.175296299999999974e+02
6.175299400000000105e+02
6.175302400000000489e+02
6.175305499999999483e+02
6.175308599999999615e+02
6.175311699999999746e+02
6.175314799999999877e+02
6.175317900000000009e+02
6.175321000000000140e+02
6.175324100000000271e+02
6.175327099999999518e+02
6.175330199999999650e+02
6.175333299999999781e+02
6.175336399999999912e+02
6.175339500000000044e+02
6.175342600000000175e+02
6.175345700000000306e+02
6.175348800000000438e+02
6.175351799999999685e+02
6.175354899999999816e+02
6.175357999999999947e+02
6.175361100000000079e+02
6.175364200000000210e+02
6.175367300000000341e+02
6.175370400000000473e+02
6.175373499999999467e+02
6.175376499999999851e+02
6.175379599999999982e+02
6.175382700000000114e+02
6.175385800000000245e+02
6.175388900000000376e+02
6.175392000000000507e+02
6.175395099999999502e+02
6.175398199999999633e+02
6.175401200000000017e+02
6.175404300000000148e+02
6.175407400000000280e+02
6.175410500000000411e+02
6.175413600000000542e+02
6.175416699999999537e+02
6.175419799999999668e+02
6.175422899999999800e+02
6.175425900000000183e+02
6.175429000000000315e+02
6.175432100000000446e+02
6.175435199999999440e+02
6.175438299999999572e+02
6.175441399999999703e+02
6.175444499999999834e+02
6.175447599999999966e+02
6.175450700000000097e+02
6.175453700000000481e+02
6.175456799999999475e+02
6.175459899999999607e+02
6.175462999999999738e+02
6.175466099999999869e+02
6.175469200000000001e+02
6.175472300000000132e+02
6.175475400000000263e+02
6.175478399999999510e+02
6.175481499999999642e+02
6.175484599999999773e+02
6.175487699999999904e+02
6.175490800000000036e+02
6.175493900000000167e+02
6.175497000000000298e+02
6.175500100000000430e+02
6.175503099999999677e+02
6.175506199999999808e+02
6.175509299999999939e+02
6.175512400000000071e+02
6.175515500000000202e+02
6.175518600000000333e+02
6.175521700000000465e+02
6.175524799999999459e+02
6.175527799999999843e+02
6.175530899999999974e+02
6.175534000000000106e+02
6.175537100000000237e+02
6.175540200000000368e+02
6.175543300000000499e+02
6.175546399999999494e+02
6.175549499999999625e+02
6.175552500000000009e+02
6.175555600000000140e+02
6.175558700000000272e+02
6.175561800000000403e+02
6.175564900000000534e+02
6.175567999999999529e+02
6.175571099999999660e+02
6.175574199999999792e+02
6.175577200000000175e+02
6.175580300000000307e+02
6.175583400000000438e+02
6.175586499999999432e+02
6.175589599999999564e+02
6.175592699999999695e+02
6.175595799999999826e+02
6.175598899999999958e+02
6.175602000000000089e+02
6.175605000000000473e+02
6.175608099999999467e+02
6.175611199999999599e+02
6.175614299999999730e+02
6.175617399999999861e+02
6.175620499999999993e+02
6.175623600000000124e+02
6.175626700000000255e+02
6.175629699999999502e+02
6.175632799999999634e+02
6.175635899999999765e+02
6.175638999999999896e+02
6.175642100000000028e+02
