6.270667403773716160e+02
6.270670502941710538e+02
6.270673602109709464e+02
6.270676801250865537e+02
6.270679900418861052e+02
6.270683099560018263e+02
6.270686198728014915e+02
6.270689297896010430e+02
6.270692497037167641e+02
6.270695596205163156e+02
6.270698695373159808e+02
6.270701894514317019e+02
6.270704993682313670e+02
6.270708092850310322e+02
6.270711291991467533e+02
6.270714391159461911e+02
6.270717590300619122e+02
6.270720689468615774e+02
6.270723788636612426e+02
6.270726987777767363e+02
6.270730086945761741e+02
6.270733186113759530e+02
6.270736385254915604e+02
6.270739484422913392e+02
6.270742583590910044e+02
6.270745782732063844e+02
6.270748881900060496e+02
6.270752081041219981e+02
6.270755180209214359e+02
6.270758279377208737e+02
6.270761478518367085e+02
6.270764577686361463e+02
6.270767676854358115e+02
6.270770875995515325e+02
6.270773975163510841e+02
6.270777074331506356e+02
6.270780273472663566e+02
6.270783372640660218e+02
6.270786571781815155e+02
6.270789670949811807e+02
6.270792770117808459e+02
6.270795969258964533e+02
6.270799068426958911e+02
6.270802167594954426e+02
6.270805366736111637e+02
6.270808465904107152e+02
6.270811565072102667e+02
6.270814764213258741e+02
6.270817863381253119e+02
6.270821062522411466e+02
6.270824161690406982e+02
6.270827260858402497e+02
6.270830459999557434e+02
6.270833559167555222e+02
6.270836658335549600e+02
6.270839857476705674e+02
6.270842956644701189e+02
6.270846055812697841e+02
6.270849254953852778e+02
6.270852354121848293e+02
6.270855553263005504e+02
6.270858652431001019e+02
6.270861751598996534e+02
6.270864950740151471e+02
6.270868049908148123e+02
6.270871149076143638e+02
6.270874348217298575e+02
6.270877447385294090e+02
6.270880546553289605e+02
6.270883745694445679e+02
6.270886844862441194e+02
6.270890044003597268e+02
6.270893143171595057e+02
6.270896242339588298e+02
6.270899441480744372e+02
6.270902540648737613e+02
6.270905639816734265e+02
6.270908838957890339e+02
6.270911938125885854e+02
6.270915037293880232e+02
6.270918236435036306e+02
6.270921335603031821e+02
6.270924534744189032e+02
6.270927633912183410e+02
6.270930733080177788e+02
6.270933932221333862e+02
6.270937031389330514e+02
6.270940130557324892e+02
6.270943329698480966e+02
6.270946428866475344e+02
6.270949528034469722e+02
6.270952727175626933e+02
6.270955826343622448e+02
6.270959025484778522e+02
6.270962124652771763e+02
6.270965223820767278e+02
6.270968422961924489e+02
6.270971522129918867e+02
6.270974621297913245e+02
6.270977820439068182e+02
6.270980919607062560e+02
6.270984018775056938e+02
6.270987217916215286e+02
6.270990317084208527e+02
6.270993516225364601e+02
6.270996615393358979e+02
6.270999714561353358e+02
6.271002913702508295e+02
6.271006012870502673e+02
6.271009112038499325e+02
6.271012311179654262e+02
6.271015410347649777e+02
6.271018509515644155e+02
6.271021708656800229e+02
6.271024807824794607e+02
6.271028006965950681e+02
6.271031106133943922e+02
6.271034205301939437e+02
6.271037404443095511e+02
6.271040503611088752e+02
6.271043602779084267e+02
6.271046801920240341e+02
6.271049901088233582e+02
6.271053000256227961e+02
6.271056199397385171e+02
6.271059298565380686e+02
6.271062497706533350e+02
6.271065596874530002e+02
6.271068696042523243e+02
6.271071895183679317e+02
6.271074994351672558e+02
6.271078093519665799e+02
6.271081292660823010e+02
6.271084391828815114e+02
6.271087490996811766e+02
6.271090690137965566e+02
6.271093789305959945e+02
6.271096988447116019e+02
6.271100087615110397e+02
6.271103186783104775e+02
6.271106385924258575e+02
6.271109485092254090e+02
6.271112584260247331e+02
6.271115783401402268e+02
6.271118882569396646e+02
6.271121981737391025e+02
6.271125180878547098e+02
6.271128280046542613e+02
6.271131479187696414e+02
6.271134578355690792e+02
6.271137677523686307e+02
6.271140876664840107e+02
6.271143975832833348e+02
6.271147075000828863e+02
6.271150274141982663e+02
6.271153373309977042e+02
6.271156472477971420e+02
6.271159671619126357e+02
6.271162770787120735e+02
6.271165969928275672e+02
6.271169069096270050e+02
6.271172168264262154e+02
6.271175367405418228e+02
6.271178466573411470e+02
6.271181565741405848e+02
6.271184764882559648e+02
6.271187864050555163e+02
6.271190963218548404e+02
6.271194162359703341e+02
6.271197261527696583e+02
6.271200460668852656e+02
6.271203559836845898e+02
6.271206659004840276e+02
6.271209858145995213e+02
6.271212957313987317e+02
6.271216056481981695e+02
6.271219255623138906e+02
6.271222354791131011e+02
6.271225453959125389e+02
6.271228653100279189e+02
6.271231752268272430e+02
6.271234951409428504e+02
6.271238050577420609e+02
6.271241149745414987e+02
6.271244348886568787e+02
6.271247448054563165e+02
6.271250547222557543e+02
6.271253746363711343e+02
6.271256845531704585e+02
6.271259944699697826e+02
6.271263143840853900e+02
6.271266243008846004e+02
6.271269442150000941e+02
6.271272541317995319e+02
6.271275640485988561e+02
6.271278839627141224e+02
6.271281938795136739e+02
6.271285037963129980e+02
6.271288237104283780e+02
6.271291336272277022e+02
6.271294435440271400e+02
6.271297634581426337e+02
6.271300733749419578e+02
6.271303932890574515e+02
6.271307032058567756e+02
6.271310131226558724e+02
6.271313330367713661e+02
6.271316429535708039e+02
6.271319528703701280e+02
6.271322727844855081e+02
6.271325827012849459e+02
6.271329026154003259e+02
6.271332125321996500e+02
6.271335224489990878e+02
6.271338423631144678e+02
6.271341522799137920e+02
6.271344621967131161e+02
6.271347821108284961e+02
6.271350920276277066e+02
6.271354019444269170e+02
6.271357218585424107e+02
6.271360317753417348e+02
6.271363516894572285e+02
6.271366616062564390e+02
6.271369715230558768e+02
6.271372914371711431e+02
6.271376013539704672e+02
6.271379112707697914e+02
6.271382311848852851e+02
6.271385411016844955e+02
6.271388510184838196e+02
6.271391709325991997e+02
6.271394808493986375e+02
6.271398007635139038e+02
6.271401106803133416e+02
6.271404205971124384e+02
6.271407405112279321e+02
6.271410504280272562e+02
6.271413603448265803e+02
6.271416802589419603e+02
6.271419901757411708e+02
6.271423000925404949e+02
6.271426200066558749e+02
6.271429299234553127e+02
6.271432498375704654e+02
6.271435597543699032e+02
6.271438696711691136e+02
6.271441895852846073e+02
6.271444995020835904e+02
6.271448094188829145e+02
6.271451293329982946e+02
6.271454392497976187e+02
6.271457491665968291e+02
6.271460690807123228e+02
6.271463789975115333e+02
6.271466989116267996e+02
6.271470088284261237e+02
6.271473187452254479e+02
6.271476386593408279e+02
6.271479485761400383e+02
6.271482584929393624e+02
6.271485784070546288e+02
6.271488883238540666e+02
6.271492082379693329e+02
6.271495181547686570e+02
6.271498280715677538e+02
6.271501479856831338e+02
6.271504579024824579e+02
6.271507678192817821e+02
6.271510877333969347e+02
6.271513976501962588e+02
6.271517075669955830e+02
6.271520274811108493e+02
6.271523373979101734e+02
6.271526573120253261e+02
6.271529672288246502e+02
6.271532771456238606e+02
6.271535970597394680e+02
6.271539069765383374e+02
6.271542168933376615e+02
6.271545368074530415e+02
6.271548467242521383e+02
6.271551566410514624e+02
6.271554765551667288e+02
6.271557864719660529e+02
6.271561063860813192e+02
6.271564163028804160e+02
6.271567262196797401e+02
6.271570461337951201e+02
6.271573560505943306e+02
6.271576659673935410e+02
6.271579858815086936e+02
6.271582957983080178e+02
6.271586157124233978e+02
6.271589256292226082e+02
6.271592355460218187e+02
6.271595554601370850e+02
6.271598653769364091e+02
6.271601752937356196e+02
6.271604952078508859e+02
6.271608051246500963e+02
6.271611150414491931e+02
6.271614349555645731e+02
6.271617448723637835e+02
6.271620647864790499e+02
6.271623747032782603e+02
6.271626846200773571e+02
6.271630045341928508e+02
6.271633144509917202e+02
6.271636243677910443e+02
6.271639442819064243e+02
6.271642541987055210e+02
6.271645641155048452e+02
6.271648840296199978e+02
6.271651939464192083e+02
6.271655138605344746e+02
6.271658237773336850e+02
6.271661336941330092e+02
6.271664536082481618e+02
6.271667635250473722e+02
6.271670734418465827e+02
6.271673933559616216e+02
6.271677032727609458e+02
6.271680231868762121e+02
6.271683331036753088e+02
6.271686430204747467e+02
6.271689629345898993e+02
6.271692728513888824e+02
6.271695827681882065e+02
6.271699026823037002e+02
6.271702125991026833e+02
6.271705225159018937e+02
6.271708424300170464e+02
6.271711523468162568e+02
6.271714722609315231e+02
6.271717821777305062e+02
6.271720920945297166e+02
6.271724120086450966e+02
6.271727219254440797e+02
6.271730318422432902e+02
6.271733517563585565e+02
6.271736616731576532e+02
6.271739715899568637e+02
6.271742915040719026e+02
6.271746014208711131e+02
6.271749213349864931e+02
6.271752312517855898e+02
6.271755411685846866e+02
6.271758610826999529e+02
6.271761709994991634e+02
6.271764809162982601e+02
6.271768008304134128e+02
6.271771107472125095e+02
6.271774306613278895e+02
6.271777405781269863e+02
6.271780504949260830e+02
6.271783704090413494e+02
6.271786803258404461e+02
6.271789902426394292e+02
6.271793101567548092e+02
6.271796200735540197e+02
6.271799299903530027e+02
6.271802499044682691e+02
6.271805598212673658e+02
6.271808797353826321e+02
6.271811896521817289e+02
6.271814995689808256e+02
6.271818194830960920e+02
6.271821293998949614e+02
6.271824393166941718e+02
6.271827592308093244e+02
6.271830691476084212e+02
6.271833890617236875e+02
6.271836989785227843e+02
6.271840088953218810e+02
6.271843288094371474e+02
6.271846387262362441e+02
6.271849486430353409e+02
6.271852685571504935e+02
6.271855784739494766e+02
6.271858883907486870e+02
6.271862083048638397e+02
6.271865182216630501e+02
