6.272401899999999841e+02
6.272404999999999973e+02
6.272408100000000104e+02
6.272411299999999983e+02
6.272414400000000114e+02
6.272417599999999993e+02
6.272420700000000124e+02
6.272423800000000256e+02
6.272427000000000135e+02
6.272430100000000266e+02
6.272433200000000397e+02
6.272436400000000276e+02
6.272439500000000407e+02
6.272442600000000539e+02
6.272445800000000418e+02
6.272448900000000549e+02
6.272452100000000428e+02
6.272455200000000559e+02
6.272458299999999554e+02
6.272461499999999432e+02
6.272464599999999564e+02
6.272467699999999695e+02
6.272470899999999574e+02
6.272473999999999705e+02
6.272477099999999837e+02
6.272480299999999716e+02
6.272483399999999847e+02
6.272486599999999726e+02
6.272489699999999857e+02
6.272492799999999988e+02
6.272495999999999867e+02
6.272499099999999999e+02
6.272502200000000130e+02
6.272505400000000009e+02
6.272508500000000140e+02
6.272511600000000271e+02
6.272514800000000150e+02
6.272517900000000282e+02
6.272521100000000160e+02
6.272524200000000292e+02
6.272527300000000423e+02
6.272530500000000302e+02
6.272533600000000433e+02
6.272536700000000565e+02
6.272539900000000443e+02
6.272542999999999438e+02
6.272546099999999569e+02
6.272549299999999448e+02
6.272552399999999579e+02
6.272555599999999458e+02
6.272558699999999590e+02
6.272561799999999721e+02
6.272564999999999600e+02
6.272568099999999731e+02
6.272571199999999862e+02
6.272574399999999741e+02
6.272577499999999873e+02
6.272580600000000004e+02
6.272583799999999883e+02
6.272586900000000014e+02
6.272590099999999893e+02
6.272593200000000024e+02
6.272596300000000156e+02
6.272599500000000035e+02
6.272602600000000166e+02
6.272605700000000297e+02
6.272608900000000176e+02
6.272612000000000307e+02
6.272615100000000439e+02
6.272618300000000318e+02
6.272621400000000449e+02
6.272624600000000328e+02
6.272627700000000459e+02
6.272630799999999454e+02
6.272634000000000469e+02
6.272637099999999464e+02
6.272640199999999595e+02
6.272643399999999474e+02
6.272646499999999605e+02
6.272649599999999737e+02
6.272652799999999615e+02
6.272655899999999747e+02
6.272659099999999626e+02
6.272662199999999757e+02
6.272665299999999888e+02
6.272668499999999767e+02
6.272671599999999899e+02
6.272674700000000030e+02
6.272677899999999909e+02
6.272681000000000040e+02
6.272684100000000171e+02
6.272687300000000050e+02
6.272690400000000182e+02
6.272693600000000060e+02
6.272696700000000192e+02
6.272699800000000323e+02
6.272703000000000202e+02
6.272706100000000333e+02
6.272709200000000465e+02
6.272712400000000343e+02
6.272715500000000475e+02
6.272718599999999469e+02
6.272721800000000485e+02
6.272724899999999479e+02
6.272728100000000495e+02
6.272731199999999490e+02
6.272734299999999621e+02
6.272737499999999500e+02
6.272740599999999631e+02
6.272743699999999762e+02
6.272746899999999641e+02
6.272749999999999773e+02
6.272753099999999904e+02
6.272756299999999783e+02
6.272759399999999914e+02
6.272762599999999793e+02
6.272765699999999924e+02
6.272768800000000056e+02
6.272771999999999935e+02
6.272775100000000066e+02
6.272778200000000197e+02
6.272781400000000076e+02
6.272784500000000207e+02
6.272787600000000339e+02
6.272790800000000218e+02
6.272793900000000349e+02
6.272797100000000228e+02
6.272800200000000359e+02
6.272803300000000490e+02
6.272806500000000369e+02
6.272809600000000501e+02
6.272812699999999495e+02
6.272815900000000511e+02
6.272818999999999505e+02
6.272822099999999637e+02
6.272825299999999515e+02
6.272828399999999647e+02
6.272831599999999526e+02
6.272834699999999657e+02
6.272837799999999788e+02
6.272840999999999667e+02
6.272844099999999798e+02
6.272847199999999930e+02
6.272850399999999809e+02
6.272853499999999940e+02
6.272856600000000071e+02
6.272859799999999950e+02
6.272862900000000081e+02
6.272866099999999960e+02
6.272869200000000092e+02
6.272872300000000223e+02
6.272875500000000102e+02
6.272878600000000233e+02
6.272881700000000365e+02
6.272884900000000243e+02
6.272888000000000375e+02
6.272891100000000506e+02
6.272894300000000385e+02
6.272897400000000516e+02
6.272900600000000395e+02
6.272903700000000526e+02
6.272906799999999521e+02
6.272910000000000537e+02
6.272913099999999531e+02
6.272916199999999662e+02
6.272919399999999541e+02
6.272922499999999673e+02
6.272925599999999804e+02
6.272928799999999683e+02
6.272931899999999814e+02
6.272935099999999693e+02
6.272938199999999824e+02
6.272941299999999956e+02
6.272944499999999834e+02
6.272947599999999966e+02
6.272950700000000097e+02
6.272953899999999976e+02
6.272957000000000107e+02
6.272960100000000239e+02
6.272963300000000118e+02
6.272966400000000249e+02
6.272969600000000128e+02
6.272972700000000259e+02
6.272975800000000390e+02
6.272979000000000269e+02
6.272982100000000401e+02
6.272985200000000532e+02
6.272988400000000411e+02
6.272991500000000542e+02
6.272994599999999537e+02
6.272997800000000552e+02
6.273000899999999547e+02
6.273004100000000562e+02
6.273007199999999557e+02
6.273010299999999688e+02
6.273013499999999567e+02
6.273016599999999698e+02
6.273019699999999830e+02
6.273022899999999709e+02
6.273025999999999840e+02
6.273029099999999971e+02
6.273032299999999850e+02
6.273035399999999981e+02
6.273038599999999860e+02
6.273041699999999992e+02
6.273044800000000123e+02
6.273048000000000002e+02
6.273051100000000133e+02
6.273054200000000264e+02
6.273057400000000143e+02
6.273060500000000275e+02
6.273063700000000154e+02
6.273066800000000285e+02
6.273069900000000416e+02
6.273073100000000295e+02
6.273076200000000426e+02
6.273079300000000558e+02
6.273082500000000437e+02
6.273085600000000568e+02
6.273088699999999562e+02
6.273091899999999441e+02
6.273094999999999573e+02
6.273098199999999451e+02
6.273101299999999583e+02
6.273104399999999714e+02
6.273107599999999593e+02
6.273110699999999724e+02
6.273113799999999856e+02
6.273116999999999734e+02
6.273120099999999866e+02
6.273123199999999997e+02
6.273126399999999876e+02
6.273129500000000007e+02
6.273132699999999886e+02
6.273135800000000017e+02
6.273138900000000149e+02
6.273142100000000028e+02
6.273145200000000159e+02
6.273148300000000290e+02
6.273151500000000169e+02
6.273154600000000300e+02
6.273157700000000432e+02
6.273160900000000311e+02
6.273164000000000442e+02
6.273167200000000321e+02
6.273170300000000452e+02
6.273173399999999447e+02
6.273176600000000462e+02
6.273179699999999457e+02
6.273182799999999588e+02
6.273185999999999467e+02
6.273189099999999598e+02
6.273192199999999730e+02
6.273195399999999609e+02
6.273198499999999740e+02
6.273201699999999619e+02
6.273204799999999750e+02
6.273207899999999881e+02
6.273211099999999760e+02
6.273214199999999892e+02
6.273217300000000023e+02
6.273220499999999902e+02
6.273223600000000033e+02
6.273226799999999912e+02
6.273229900000000043e+02
6.273233000000000175e+02
6.273236200000000053e+02
6.273239300000000185e+02
6.273242400000000316e+02
6.273245600000000195e+02
6.273248700000000326e+02
6.273251800000000458e+02
6.273255000000000337e+02
6.273258100000000468e+02
6.273261300000000347e+02
6.273264400000000478e+02
6.273267499999999472e+02
6.273270700000000488e+02
6.273273799999999483e+02
6.273276899999999614e+02
6.273280099999999493e+02
6.273283199999999624e+02
6.273286299999999756e+02
6.273289499999999634e+02
6.273292599999999766e+02
6.273295799999999645e+02
6.273298899999999776e+02
6.273301999999999907e+02
6.273305199999999786e+02
6.273308299999999917e+02
6.273311400000000049e+02
6.273314599999999928e+02
6.273317700000000059e+02
6.273320899999999938e+02
6.273324000000000069e+02
6.273327100000000200e+02
6.273330300000000079e+02
6.273333400000000211e+02
6.273336500000000342e+02
6.273339700000000221e+02
6.273342800000000352e+02
6.273345900000000483e+02
6.273349100000000362e+02
6.273352200000000494e+02
6.273355400000000373e+02
6.273358500000000504e+02
6.273361599999999498e+02
6.273364800000000514e+02
6.273367899999999509e+02
6.273370999999999640e+02
6.273374199999999519e+02
6.273377299999999650e+02
6.273380399999999781e+02
6.273383599999999660e+02
6.273386699999999792e+02
6.273389899999999670e+02
6.273392999999999802e+02
6.273396099999999933e+02
6.273399299999999812e+02
6.273402399999999943e+02
6.273405500000000075e+02
6.273408699999999953e+02
6.273411800000000085e+02
6.273414999999999964e+02
6.273418100000000095e+02
6.273421200000000226e+02
6.273424400000000105e+02
6.273427500000000236e+02
6.273430600000000368e+02
6.273433800000000247e+02
6.273436900000000378e+02
6.273440000000000509e+02
6.273443200000000388e+02
6.273446300000000520e+02
6.273449500000000398e+02
6.273452600000000530e+02
6.273455699999999524e+02
6.273458900000000540e+02
6.273461999999999534e+02
6.273465099999999666e+02
6.273468299999999545e+02
6.273471399999999676e+02
6.273474499999999807e+02
6.273477699999999686e+02
6.273480799999999817e+02
6.273483999999999696e+02
6.273487099999999828e+02
6.273490199999999959e+02
6.273493399999999838e+02
6.273496499999999969e+02
6.273499600000000100e+02
6.273502799999999979e+02
6.273505900000000111e+02
6.273509099999999989e+02
6.273512200000000121e+02
6.273515300000000252e+02
6.273518500000000131e+02
6.273521600000000262e+02
6.273524700000000394e+02
6.273527900000000272e+02
6.273531000000000404e+02
6.273534100000000535e+02
6.273537300000000414e+02
6.273540400000000545e+02
6.273543600000000424e+02
6.273546700000000556e+02
6.273549799999999550e+02
6.273553000000000566e+02
6.273556099999999560e+02
6.273559199999999691e+02
6.273562399999999570e+02
6.273565499999999702e+02
6.273568699999999581e+02
6.273571799999999712e+02
6.273574899999999843e+02
6.273578099999999722e+02
6.273581199999999853e+02
6.273584299999999985e+02
6.273587499999999864e+02
6.273590599999999995e+02
6.273593700000000126e+02
6.273596900000000005e+02
6.273600000000000136e+02
